1331	1331F01	 0    4   2   2   4  0    2  0    1  0   0   0   0    4 
1331	1331F01	 0    4   2   2   4  0    2  0    1  0   0   0   0    4 
1331	1331M02	  3  0    2   2   4   2   4   3   1   2   2   4   2   4 
1331	1331M02	  3  0    2   2   4   2   2   3   1  0    2   4   2   4 
1333	1333F01	  3   4   2   2   4  0    2  0    1  0   0    4   2   4 
1333	1333F01	  3   4   2   2   4  0    2  0    1  0   0    3   4   1 
1333	1333M02	 h   h   0   h   h   h   h   h   h   0    2   3   4   1 
1333	1333M02	 h   h   0   h   h   h   h   h   h   0    4  0    4   1 
1334	1334F01	  3   4  0    2   4   2   2   3   1   2  h    3   4   1 
1334	1334F01	  1   2  0    4   3   4   4   4   4  0   h    3   4   1 
1334	1334M02	  3   4   2   2   4   2  0    3   1   2   4   3   4   1 
1334	1334M02	  3   4   2   2   4   2   2   3   1   2   4   3   4   1 
1340	1340F01	 0   h    4   2   4   2   4   3   1   2  h   0    4   1 
1340	1340F01	 0   h    4   4   3   4   4   4   4   2  h   0    4   1 
1340	1340M02	  3   4   2   2   4   2   2   3  0    2   4   3   4  0  
1340	1340M02	 0    4   2   2   4   2   2   3   1  0    4   3   4   1 
1341	1341F01	  3   4   2   2   4   2   4   3   1   4   4   3   4   1 
1341	1341F01	  3   4   2   2   4   2   2   3   1   2   2   4   2   4 
1341	1341M02	  1   2   4   4   3   4   4   4   4   4   2   3   4   1 
1341	1341M02	  3   4   4   2   4   2  0    3   1   2   2   3   4   1 
1346	1346F01	 h   h    4   4   3   4  h    4   4  0    2  0    4   1 
1346	1346F01	 h   h    2   2   4   2  h    3   1  0    2  0    4   1 
1346	1346M02	  3   4   2   2   4   2   4   3   1   4   2   4   2   4 
1346	1346M02	  1   2   4   4   3   4   4   4   4   2   4   3   4   1 
1347	1347F01	 0    4   4  0    4  0    4  0    1  0   0    3   4   1 
1347	1347F01	 0    2   4  0    3  0    4  0    4  0    2   3   4   1 
1347	1347M02	  3   4   2   2   4   2   2   3   1   4   2   3   4   1 
1347	1347M02	  3   4   2   2   4   2   2   3   1   4   2  0    4   1 
1362	1362F01	  1   2  0    4   3  0    4  0    4   2  0   0    4   1 
1362	1362F01	  3   4   2   2   4   2   2   3   1   2  0   0    4   1 
1362	1362M02	  1   2   4   4   3   4   4   4   4   4   2  h   h   h  
1362	1362M02	  3   4   2   2   4   2   2   3   1   2   2  h   h   h  
1408	1408F01	  1   2   4   4   3   4   4   4   4   4   2   4   2   4 
1408	1408F01	  1   2   2   2   4   2   4   3   1  0    2   3   4   1 
1408	1408M02	 h   h    2   2   4   2   4   3   1   2   4   3   4   1 
1408	1408M02	 h   h    2   2   4   2   4   3   1   4   2   4   2   4 
1416	1416F01	  3   4   2   2   4   2   4   3   1   4   2   4   2   4 
1416	1416F01	  3   4   2   2   4   2   2   3   1   2   2   4  0    4 
1416	1416M02	  3   4   2   2   4   2  0    3   1  0    2   3   4   1 
1416	1416M02	  3   4   2   2   4   2  0    3   1   2   2   4   2   4 
1420	1420F01	  1   2   4   4   3   4  0    4   4   4   2   3   4   1 
1420	1420F01	  3   4   2   2   4   2  0    3   1   4   2  0    2   4 
1420	1420M02	  1  0   0    2   4   2   4   3   1  0    4   3   4   1 
1420	1420M02	 0   0    4   4   3   4   4   4   4   4   2  0    4   1 
1423	1423F01	 0    4   4   2   4   2   4   3   1  0    2  0    4   1 
1423	1423F01	 0    2   4   4   3   4   4   4   4  0    2  0    2   4 
1423	1423M02	  3   4  0    2   4   2   2   3   1   2   4   3   4   4 
1423	1423M02	  3   4  0    2   4   2   2   3   1   4   4  0    4   1 
1331	1331F01	 0    4   2   2   4  0    2  0    1  0   0   0   0    4 
1331	1331F01	 0    2   4   4   3  0    4  0    4  0   0   0   0    1 
1331	1331M02	  1  0    2   2   4   2   4   3   1   2   2   3   4   1 
1331	1331M02	  1  0    4   4   3   4   4   4   4  0    4   3   4   1 
1333	1333F01	  1   2   2   4   3  0    4  0    4  0   0    3   4   1 
1333	1333F01	  1   2   4   4   3  0    4  0    4  0   0    3   4   1 
1333	1333M02	 h   h   0   h   h   h   h   h   h   0    4   3   4   1 
1333	1333M02	 h   h   0   h   h   h   h   h   h   0    4  0    4   1 
1334	1334F01	  1   2  0    4   3   4   4   4   4   2  h    3   4   1 
1334	1334F01	  1   2  0    4   3   4   4   4   4  0   h    3   4   1 
1334	1334M02	  3   4   2   2   4   2  0    3   1   2   4   3   4   1 
1334	1334M02	  3   4   2   2   4   2   2   3   1   2   2   3   4   1 
1340	1340F01	 0   h    2   2   4   2   4   3   1   2  h   0    4   1 
1340	1340F01	 0   h    4   2   4   2   4   3   1   2  h   0    2   4 
1340	1340M02	  3   4   2   2   4   2   2   3  0    2   2   4   2  0  
1340	1340M02	 0    2   2   2   4   2   4   3   1  0    2   3   4   1 
1341	1341F01	  1   2   4   4   3   4   4   4   4   4   2   4   2   4 
1341	1341F01	  1   2   2   2   4   2   4   3   1   2   2   4   2   4 
1341	1341M02	  1   2   4   4   3   4   4   4   4   4   2   4   2   4 
1341	1341M02	  3   4   2   2   4   2  0    3   1   2   2   4   2   4 
1346	1346F01	 h   h    2   2   4   2  h    3   1  0    2  0    4   1 
1346	1346F01	 h   h    2   2   4   2  h    3   1  0    2  0    4   1 
1346	1346M02	  1   2   2   2   4   2   4   3   1   4   2   4   2   4 
1346	1346M02	  1   2   4   4   3   4   4   4   4   2   2   3   4   1 
1347	1347F01	 0    4   2  0    4  0    2  0    1  0   0    3   4   1 
1347	1347F01	 0    4   4  0    4  0    4  0    1  0    2   3   4   1 
1347	1347M02	  1   2   4   4   3   4   4   4   4   4   4   3   4   1 
1347	1347M02	  3   4   2   2   4   2   2   3   1   4   2  0    4   1 
1362	1362F01	  3   4  0    2   4  0    4  0    1   4  0   0    2   4 
1362	1362F01	  3   4   2   2   4   2   2   3   1   2  0   0    4   1 
1362	1362M02	  1   2   4   4   3   4   4   4   4   4   2  h   h   h  
1362	1362M02	  3   4   2   2   4   2   2   3   1   2   4  h   h   h  
1408	1408F01	  1   2   4   4   3   4   4   4   4   4   2   3   4   1 
1408	1408F01	  1   2   2   2   4   2   4   3   1  0    2   3   4   1 
1408	1408M02	 h   h    2   2   4   2   2   3   1   2   2   3   4   1 
1408	1408M02	 h   h    4   4   3   4   4   4   4   4   2   4   2   4 
1416	1416F01	  3   4   2   2   4   2   2   3   1   4   2   4   2   4 
1416	1416F01	  3   4   2   2   4   2   2   3   1   4   2   3  0    1 
1416	1416M02	  1   2   4   4   3   4  0    4   4  0    4   3   4   1 
1416	1416M02	  3   4   4   2   4   2  0    3   1   2   2   3   4   1 
1420	1420F01	  3   4   2   2   4   2  0    3   1   2   4   3   4   1 
1420	1420F01	  3   4   2   2   4   2  0    3   1   2   4  0    4   1 
1420	1420M02	  1  0   0    4   3   4   4   4   4  0    2   3   4   1 
1420	1420M02	 0   0    4   4   3   4   4   4   4   4   2  0    2   4 
1423	1423F01	 0    4   2   2   4   2   4   3   1  0    4  0    4   1 
1423	1423F01	 0    4   2   2   4   2   2   3   1  0    4  0    4   1 
1423	1423M02	  1   2  0    4   3   4   4   4   4   4   2   3   4   1 
1423	1423M02	  1   2  0    2   3   4   4   4   4   4   2  0    4   1 
